ns = 20
nz = 6
gn = 15
gnq = 21    18    19    18    21    21    20    19    21    21    21    17    16    21  20    19    21    21    19    21
gq = 1     1     1     2     2     2     3     3     3     4     4     4     5     5     5     8     8     8    10    10    10
     1     1     1     2     2     2     3     3     3     4     4     4     5     5     8     8    10    10     0     0     0
     1     1     1     2     2     2     3     3     3     4     4     4     5     5     8     8    10    10    10     0     0
     1     1     1     2     2     2     3     3     3     4     4     4     5     5     8     8     8    10     0     0     0
     1     1     1     2     2     2     3     3     3     4     4     4     5     5     5     8     8     8    10    10    10
     1     1     1     2     2     2     3     3     3     4     4     4     5     5     5     8     8     8    10    10    10
     1     1     1     2     2     2     3     3     3     4     4     4     5     5     5     8     8    10    10    10     0
     1     1     1     2     2     2     3     3     4     4     4     5     5     5     8     8    10    10    10     0     0
     1     1     1     2     2     2     3     3     3     4     4     4     5     5     5     8     8     8    10    10    10
     1     1     1     2     2     2     3     3     3     4     4     4     5     5     5     8     8     8    10    10    10
     1     1     1     2     2     2     3     3     3     4     4     4     5     5     5     8     8     8    10    10    10
     1     1     1     2     2     2     3     3     3     4     4     4     5     5     8    10    10     0     0     0     0
     1     1     2     2     3     3     3     4     4     5     5     8     8    10    10    10     0     0     0     0     0
     1     1     1     2     2     2     3     3     3     4     4     4     5     5     5     8     8     8    10    10    10
     1     1     1     2     2     3     3     3     4     4     4     5     5     5     8     8     8    10    10    10     0
     1     1     1     2     2     2     3     3     3     4     4     4     5     5     8     8    10    10    10     0     0
     1     1     1     2     2     2     3     3     3     4     4     4     5     5     5     8     8     8    10    10    10
     1     1     1     2     2     2     3     3     3     4     4     4     5     5     5     8     8     8    10    10    10
     1     1     1     2     2     2     3     3     3     4     4     4     5     5     8     8    10    10    10     0     0
     1     1     1     2     2     2     3     3     3     4     4     4     5     5     5     8     8     8    10    10    10
ga = 1     1     1     2     1     1     3     3     3     4     4     4     5     5     5     8     8     8    10    10    10
     1     1     1     2     5     5     5     2     6     3     4     4    15     2     2     3     7     2     0     0     0
     1     1     1     2     2     2     3     3     3     4     6     5     7     5     6     8     5     4     7     0     0
     1     1     1     2     2     2     4     6     4     6     4     4    15    15     3     7     5     4     0     0     0
     1     1     1     2     2     2     4     4    15     8    15    15    15     6    15     5    15    15    15    14    15
     1     1     1     2     2     2     4    15     3     5    15     6     5    15     4    13    13    15    15     4    15
     1     1     1     2     2     2     4     3     3     5     4     4    15     5    15     5     3     3     4     3     0
     1    15    15     2    15    15     4    15     4    15    15    15    15    15     5    15    15    15    15     0     0
     1     1     1     2     2     2     3     3     3     6     5     6    12     6     4     5     9     9     6     5     6
     1     1     1     2     2     2     3     3     3     4     5     4     9     7     6     7    15     5    10     6     5
     1     1     1     2     2     2     3     3     3     4     4     5     5     5     5     8     7     8     9     9    10
     1     1     1     2     2     2     4    15    15     5     6    15    15    15    15     9    15     0     0     0     0
     1     1     2     2    15    15    13    15    15    15    15    15     9    15     7    15     0     0     0     0     0
     1     1     1     2     2     2     4     3     4     7     9     8     9     8     7     5     4     4     3     4     5
     1     1     1     1     1     1     1     1     1     1     1     1     1     1     1     1     1     1     1     1     0
     1     1     1     2     3     6     2     3     2     3     4     2     3     2     3     5     3     4     3     0     0
     1     1     1     2     2     2     4     4     5     3     3     3     7     5     4     3     3     3     5     5     3
     1     1     1     2     2     2     3     3     3     4     5     4     9     7     6     7    15     5    10     6     5
     1     1     1     2     2     2     3     3     3     4    11     6     4     5     6     8     4     9     5     0     0
     1     1     1     2     2     2     3     3     3     4     4     4     5     5     5     8     8     8    10    10    10
